# k1  k2  k3  B_rspace  err  B_sspace(w/oAP)  err  B_sspace(w/AP)  err  N-of-triangles
0.005 0.005 0.005 2.855479e+08 2.609985e+09 1.116494e+09 3.425003e+09 9.436583e+08 3.968733e+09 419430
0.005 0.005 0.015 4.977987e+09 1.253418e+09 8.547073e+09 1.569112e+09 9.930543e+09 1.578321e+09 478326
0.005 0.015 0.015 2.403623e+09 3.340368e+08 4.253399e+09 5.238390e+08 4.503370e+09 5.066346e+08 3893844
0.005 0.015 0.025 3.051413e+09 5.306735e+08 5.517332e+09 7.970444e+08 6.838248e+09 9.140414e+08 2017350
0.005 0.025 0.025 2.466571e+09 4.388238e+08 4.330835e+09 6.086879e+08 4.643521e+09 6.418175e+08 10538292
0.005 0.025 0.035 2.276331e+09 3.537484e+08 4.547270e+09 5.576633e+08 5.482479e+09 6.476506e+08 4542486
0.005 0.035 0.035 2.477512e+09 2.225692e+08 4.201228e+09 3.531493e+08 4.551712e+09 3.389168e+08 21098604
0.005 0.035 0.045 2.044455e+09 2.060171e+08 3.800083e+09 2.664152e+08 4.616270e+09 2.334743e+08 8130462
0.005 0.045 0.045 1.847272e+09 9.323007e+07 3.189014e+09 1.421037e+08 3.466623e+09 1.135060e+08 34308372
0.005 0.045 0.055 1.751833e+09 1.664356e+08 3.086050e+09 2.699373e+08 4.030861e+09 3.821708e+08 12700638
0.005 0.055 0.055 1.469706e+09 9.709490e+07 2.475377e+09 1.479301e+08 2.706718e+09 1.180511e+08 51244212
0.005 0.055 0.065 1.549097e+09 8.988542e+07 2.724498e+09 1.256100e+08 3.570383e+09 1.442623e+08 18277086
0.005 0.065 0.065 1.374087e+09 8.234277e+07 2.304110e+09 1.059233e+08 2.520320e+09 1.004858e+08 72484140
0.005 0.065 0.075 1.309383e+09 5.824877e+07 2.317695e+09 8.218314e+07 3.112183e+09 7.800888e+07 24932694
0.005 0.075 0.075 1.243821e+09 5.249434e+07 2.048955e+09 8.235483e+07 2.280417e+09 8.983193e+07 95532468
0.005 0.075 0.085 1.373862e+09 5.659393e+07 2.316125e+09 6.117270e+07 3.193535e+09 5.792531e+07 32560998
0.005 0.085 0.085 1.036064e+09 4.271450e+07 1.713237e+09 6.680852e+07 1.873913e+09 7.543225e+07 122307324
0.005 0.085 0.095 1.193020e+09 3.763048e+07 2.060848e+09 6.791975e+07 2.884896e+09 8.182955e+07 41179974
0.005 0.095 0.095 8.861956e+08 3.927443e+07 1.478215e+09 5.698951e+07 1.621725e+09 5.990162e+07 154357572
0.005 0.095 0.105 1.036851e+09 3.237643e+07 1.760652e+09 5.886087e+07 2.430849e+09 1.035705e+08 50896950
0.005 0.105 0.105 7.054718e+08 2.474668e+07 1.177225e+09 4.166462e+07 1.325028e+09 3.140569e+07 187176756
0.005 0.105 0.115 8.718350e+08 2.343557e+07 1.475670e+09 3.766048e+07 2.192039e+09 6.180729e+07 61581510
0.005 0.115 0.115 6.652669e+08 2.317843e+07 1.087293e+09 3.470049e+07 1.153040e+09 4.505584e+07 224648628
0.005 0.115 0.125 7.449545e+08 2.548536e+07 1.252277e+09 4.241012e+07 1.922717e+09 5.978955e+07 73270422
0.005 0.125 0.125 6.146938e+08 1.813996e+07 9.889362e+08 2.003149e+07 1.092507e+09 2.068250e+07 266598108
0.005 0.125 0.135 7.206560e+08 2.141061e+07 1.190640e+09 3.683006e+07 1.857286e+09 4.375026e+07 86026158
0.005 0.135 0.135 5.767008e+08 1.649228e+07 9.093377e+08 2.028233e+07 1.024803e+09 2.894991e+07 309178356
0.005 0.135 0.145 7.200914e+08 2.290051e+07 1.144399e+09 3.733103e+07 1.860895e+09 5.697593e+07 99738702
0.005 0.145 0.145 5.400263e+08 1.525182e+07 8.360843e+08 2.296397e+07 9.523836e+08 2.273997e+07 357557988
0.015 0.015 0.015 3.459808e+09 5.288640e+08 6.227286e+09 7.894558e+08 6.382100e+09 8.116822e+08 14146752
0.015 0.015 0.025 3.594869e+09 2.443487e+08 6.401547e+09 3.586814e+08 6.856501e+09 4.021202e+08 20324898
0.015 0.015 0.035 3.820255e+09 5.343739e+08 7.313037e+09 8.453608e+08 8.742406e+09 7.740369e+08 7055366
0.015 0.025 0.025 3.766176e+09 1.939176e+08 6.238752e+09 2.658024e+08 6.791109e+09 3.221603e+08 38271264
0.015 0.025 0.035 3.478501e+09 9.441603e+07 6.188481e+09 1.333058e+08 6.836259e+09 1.503776e+08 47032818
0.015 0.025 0.045 3.849941e+09 1.818395e+08 7.182538e+09 2.541253e+08 8.579015e+09 2.490636e+08 13916310
0.015 0.035 0.035 2.751097e+09 8.482300e+07 4.552400e+09 1.132959e+08 4.845284e+09 1.181800e+08 77114952
0.015 0.035 0.045 2.760319e+09 8.408707e+07 4.896688e+09 1.235566e+08 5.313702e+09 1.208531e+08 84728538
0.015 0.035 0.055 2.828780e+09 1.745148e+08 5.368836e+09 2.375506e+08 6.354611e+09 2.216526e+08 24174086
0.015 0.045 0.045 2.201055e+09 7.412451e+07 3.650321e+09 9.631673e+07 3.985598e+09 1.195466e+08 124958040
0.015 0.045 0.055 2.306114e+09 5.373572e+07 4.014153e+09 8.416981e+07 4.414987e+09 8.584130e+07 132102954
0.015 0.045 0.065 2.378467e+09 3.351123e+07 4.327399e+09 5.638818e+07 5.322353e+09 1.174955e+08 36319518
0.015 0.055 0.055 1.776454e+09 4.360743e+07 2.931634e+09 7.383650e+07 3.191606e+09 6.126872e+07 186740664
0.015 0.055 0.065 1.917594e+09 4.462613e+07 3.326410e+09 6.513919e+07 3.734390e+09 5.581946e+07 191655090
0.015 0.055 0.075 2.086200e+09 6.891283e+07 3.791922e+09 1.021850e+08 4.888092e+09 1.038830e+08 49900886
0.015 0.065 0.065 1.682221e+09 5.051825e+07 2.727018e+09 6.816431e+07 2.915489e+09 6.742367e+07 264988488
0.015 0.065 0.075 1.781315e+09 2.942119e+07 3.040648e+09 4.838986e+07 3.355898e+09 4.631333e+07 261625794
0.015 0.065 0.085 1.931490e+09 4.496198e+07 3.472486e+09 6.774271e+07 4.641060e+09 1.031413e+08 67960710
0.015 0.075 0.075 1.464940e+09 2.696367e+07 2.357593e+09 4.264055e+07 2.548003e+09 5.094882e+07 348401136
0.015 0.075 0.085 1.617041e+09 2.065891e+07 2.754518e+09 3.010633e+07 3.109900e+09 2.568554e+07 340193358
0.015 0.075 0.095 1.761520e+09 1.974956e+07 3.154497e+09 3.354261e+07 4.268448e+09 8.469281e+07 87849626
0.015 0.085 0.085 1.259863e+09 2.008119e+07 2.025078e+09 2.891479e+07 2.178628e+09 2.724531e+07 445763184
0.015 0.085 0.095 1.414437e+09 1.755386e+07 2.397946e+09 2.938848e+07 2.695598e+09 3.547879e+07 432021798
0.015 0.085 0.105 1.560540e+09 2.886126e+07 2.767379e+09 3.436323e+07 3.879516e+09 4.537954e+07 107906430
0.015 0.095 0.095 1.072871e+09 1.299803e+07 1.708264e+09 1.608885e+07 1.807628e+09 2.319222e+07 564075576
0.015 0.095 0.105 1.202855e+09 1.257189e+07 2.027897e+09 1.890576e+07 2.270557e+09 1.959968e+07 534341034
0.015 0.095 0.115 1.281087e+09 3.035713e+07 2.247705e+09 3.904425e+07 3.217647e+09 4.447576e+07 133788446
0.015 0.105 0.105 9.226506e+08 9.896754e+06 1.466283e+09 1.474586e+07 1.577542e+09 1.750099e+07 682835016
0.015 0.105 0.115 1.011213e+09 8.501336e+06 1.685138e+09 1.569535e+07 1.906882e+09 1.873989e+07 645003186
0.015 0.105 0.125 1.068788e+09 1.615573e+07 1.875718e+09 2.299348e+07 2.801147e+09 5.058765e+07 160374414
0.015 0.115 0.115 8.223690e+08 1.339101e+07 1.284381e+09 1.525434e+07 1.390970e+09 1.572224e+07 819677712
0.015 0.115 0.125 8.969507e+08 1.109869e+07 1.483654e+09 1.599431e+07 1.707926e+09 1.893998e+07 769335306
0.015 0.115 0.135 9.532562e+08 2.127292e+07 1.657211e+09 2.860642e+07 2.607033e+09 4.325207e+07 188138150
0.015 0.125 0.125 7.719447e+08 1.700529e+07 1.197833e+09 2.167639e+07 1.283693e+09 1.917798e+07 973782408
0.015 0.125 0.135 8.552779e+08 8.622450e+06 1.383383e+09 1.024169e+07 1.613158e+09 1.254977e+07 902667834
0.015 0.125 0.145 9.677569e+08 1.117781e+07 1.622616e+09 2.021691e+07 2.626189e+09 3.757818e+07 221825478
0.015 0.135 0.135 7.461928e+08 3.719774e+06 1.135687e+09 7.537575e+06 1.201558e+09 8.061630e+06 1127700528
0.015 0.135 0.145 8.158754e+08 7.914253e+06 1.307584e+09 1.009167e+07 1.533752e+09 1.283145e+07 1045600314
0.015 0.145 0.145 6.793527e+08 8.257470e+06 1.023322e+09 1.109125e+07 1.088993e+09 1.202091e+07 1304959728
0.025 0.025 0.025 3.139473e+09 3.738895e+08 5.005913e+09 5.513158e+08 5.657191e+09 5.789250e+08 62947992
0.025 0.025 0.035 2.882454e+09 9.855187e+07 4.778605e+09 1.510756e+08 5.280923e+09 1.617850e+08 89357928
0.025 0.025 0.045 3.461329e+09 8.310926e+07 6.058742e+09 1.391383e+08 6.515017e+09 1.403905e+08 97552674
0.025 0.025 0.055 3.131485e+09 1.948116e+08 5.868485e+09 3.308359e+08 6.988405e+09 3.337268e+08 26611110
0.025 0.035 0.035 2.438155e+09 7.753188e+07 3.952447e+09 1.020004e+08 4.173723e+09 1.162340e+08 126846432
0.025 0.035 0.045 2.338865e+09 5.286980e+07 3.936019e+09 8.884842e+07 4.178019e+09 9.181431e+07 161465016
0.025 0.035 0.055 2.582017e+09 4.636093e+07 4.600665e+09 6.960990e+07 4.994612e+09 6.757954e+07 168795690
0.025 0.035 0.065 2.694338e+09 8.608582e+07 4.919719e+09 1.187178e+08 5.702957e+09 1.259295e+08 44474094
0.025 0.045 0.045 1.997126e+09 3.950076e+07 3.191205e+09 4.565913e+07 3.436777e+09 5.656654e+07 205542552
0.025 0.045 0.055 1.928069e+09 2.705534e+07 3.197785e+09 3.830436e+07 3.441191e+09 3.572423e+07 251265408
0.025 0.045 0.065 2.048269e+09 3.098484e+07 3.647778e+09 4.711654e+07 4.031593e+09 4.795314e+07 255546210
0.025 0.045 0.075 2.016143e+09 3.058256e+07 3.694648e+09 5.230877e+07 4.557208e+09 6.084845e+07 63757734
0.025 0.055 0.055 1.592810e+09 6.508093e+07 2.595490e+09 8.295166e+07 2.800816e+09 7.612694e+07 307154832
0.025 0.055 0.065 1.663194e+09 2.155443e+07 2.744034e+09 3.434341e+07 2.918911e+09 3.758965e+07 365897568
0.025 0.055 0.075 1.807682e+09 1.641262e+07 3.185949e+09 2.634543e+07 3.534899e+09 3.214067e+07 357131706
0.025 0.055 0.085 1.836315e+09 3.191052e+07 3.310319e+09 5.857103e+07 4.233436e+09 7.295582e+07 87442038
0.025 0.065 0.065 1.461080e+09 2.923443e+07 2.328129e+09 3.554133e+07 2.496794e+09 3.505041e+07 435862512
0.025 0.065 0.075 1.510452e+09 1.399791e+07 2.477715e+09 1.915371e+07 2.628789e+09 1.764817e+07 499780392
0.025 0.065 0.085 1.661074e+09 1.482939e+07 2.897493e+09 2.577613e+07 3.213933e+09 3.155390e+07 481628694
0.025 0.065 0.095 1.692855e+09 3.366003e+07 3.076901e+09 5.755652e+07 3.988319e+09 5.237574e+07 117923970
0.025 0.075 0.075 1.294242e+09 1.684140e+07 2.058100e+09 2.118466e+07 2.233921e+09 3.611689e+07 573062016
0.025 0.075 0.085 1.345912e+09 1.105508e+07 2.196138e+09 1.297445e+07 2.340719e+09 1.429455e+07 648215208
0.025 0.075 0.095 1.528699e+09 9.565038e+06 2.638500e+09 1.206734e+07 2.961188e+09 1.423363e+07 621436038
0.025 0.075 0.105 1.559084e+09 1.973331e+07 2.783807e+09 3.127870e+07 3.653001e+09 3.310408e+07 147988026
0.025 0.085 0.085 1.158681e+09 1.375829e+07 1.825838e+09 1.776705e+07 1.939862e+09 2.504511e+07 733200312
0.025 0.085 0.095 1.143155e+09 1.264561e+07 1.860106e+09 1.813217e+07 1.982366e+09 1.866052e+07 824799504
0.025 0.085 0.105 1.323098e+09 6.632671e+06 2.265808e+09 1.118456e+07 2.545738e+09 1.424413e+07 772255758
0.025 0.085 0.115 1.340519e+09 1.935053e+07 2.341669e+09 2.724508e+07 3.265158e+09 3.549158e+07 182339358
0.025 0.095 0.095 9.397861e+08 7.771457e+06 1.481683e+09 1.125943e+07 1.556843e+09 1.524292e+07 927809760
0.025 0.095 0.105 9.821386e+08 6.546846e+06 1.583587e+09 1.058947e+07 1.682676e+09 9.591807e+06 1020829152
0.025 0.095 0.115 1.108618e+09 9.978244e+06 1.887632e+09 1.406519e+07 2.116959e+09 1.373471e+07 951668754
0.025 0.095 0.125 1.076060e+09 1.119777e+07 1.887356e+09 1.699766e+07 2.649147e+09 2.320357e+07 224027094
0.025 0.105 0.105 8.383481e+08 9.107167e+06 1.304714e+09 1.370688e+07 1.395188e+09 1.399716e+07 1123138536
0.025 0.105 0.115 8.417426e+08 8.872167e+06 1.356376e+09 1.300856e+07 1.437195e+09 1.259657e+07 1230565464
0.025 0.105 0.125 9.301937e+08 5.807026e+06 1.579102e+09 7.020255e+06 1.791109e+09 9.386429e+06 1141527930
0.025 0.105 0.135 9.184236e+08 1.314246e+07 1.606179e+09 1.648988e+07 2.395644e+09 3.413690e+07 264730446
0.025 0.115 0.115 7.461512e+08 1.057569e+07 1.154531e+09 1.529682e+07 1.228743e+09 6.019232e+06 1348253448
0.025 0.115 0.125 7.761745e+08 5.046556e+06 1.225416e+09 6.456759e+06 1.306904e+09 7.660856e+06 1469532312
0.025 0.115 0.135 8.548894e+08 4.622429e+06 1.431852e+09 6.743894e+06 1.645277e+09 9.151037e+06 1345353714
0.025 0.115 0.145 8.736475e+08 1.283717e+07 1.508864e+09 1.903020e+07 2.305695e+09 2.428336e+07 311898870
0.025 0.125 0.125 6.853400e+08 8.536033e+06 1.041943e+09 1.257068e+07 1.138183e+09 9.992274e+06 1601760192
0.025 0.125 0.135 7.266459e+08 4.907898e+06 1.135054e+09 5.075799e+06 1.214753e+09 7.037381e+06 1723662912
0.025 0.125 0.145 8.211416e+08 7.490953e+06 1.351102e+09 8.515234e+06 1.561052e+09 1.025606e+07 1577929602
0.025 0.135 0.135 6.501416e+08 6.997811e+06 9.772985e+08 8.537552e+06 1.048223e+09 9.751884e+06 1854890808
0.025 0.135 0.145 6.892874e+08 2.016668e+06 1.063930e+09 3.922557e+06 1.140672e+09 6.308355e+06 1995341904
0.025 0.145 0.145 6.111661e+08 6.945570e+06 9.075937e+08 1.085391e+07 9.696179e+08 8.199865e+06 2146447584
0.035 0.035 0.035 2.000533e+09 8.556763e+07 3.217509e+09 1.194711e+08 3.269295e+09 1.048616e+08 180061896
0.035 0.035 0.045 1.811705e+09 4.533962e+07 2.935403e+09 6.741326e+07 3.069554e+09 5.315101e+07 229203648
0.035 0.035 0.055 1.907906e+09 4.690521e+07 3.226147e+09 6.519695e+07 3.408392e+09 6.863106e+07 280197672
0.035 0.035 0.065 2.077515e+09 3.906164e+07 3.703414e+09 4.517301e+07 3.998898e+09 5.231228e+07 283560990
0.035 0.035 0.075 1.829371e+09 8.619417e+07 3.488892e+09 1.106257e+08 4.066657e+09 1.646838e+08 70949558
0.035 0.045 0.045 1.540654e+09 3.287576e+07 2.466537e+09 4.280080e+07 2.685316e+09 2.330164e+07 291777480
0.035 0.045 0.055 1.388908e+09 1.225963e+07 2.255939e+09 1.501708e+07 2.482742e+09 2.908474e+07 356670768
0.035 0.045 0.065 1.550667e+09 1.892319e+07 2.601123e+09 2.713584e+07 2.771643e+09 3.567074e+07 424886568
0.035 0.045 0.075 1.682808e+09 1.527225e+07 2.969412e+09 2.634569e+07 3.290469e+09 2.328749e+07 413591874
0.035 0.045 0.085 1.742486e+09 3.944750e+07 3.140388e+09 6.052672e+07 3.728955e+09 4.033264e+07 101579982
0.035 0.055 0.055 1.297010e+09 2.770501e+07 2.058351e+09 4.197950e+07 2.201823e+09 3.600683e+07 436024224
0.035 0.055 0.065 1.273096e+09 1.407687e+07 2.058339e+09 2.371886e+07 2.203527e+09 2.038849e+07 519394560
0.035 0.055 0.075 1.310900e+09 1.967720e+07 2.203197e+09 2.825489e+07 2.374876e+09 3.185186e+07 595564152
0.035 0.055 0.085 1.440199e+09 1.434530e+07 2.535332e+09 1.893671e+07 2.810810e+09 1.885026e+07 571019766
0.035 0.055 0.095 1.446670e+09 3.254494e+07 2.591783e+09 4.442829e+07 3.385644e+09 5.142397e+07 137899850
0.035 0.065 0.065 1.131259e+09 1.979428e+07 1.806439e+09 3.134328e+07 1.903714e+09 3.983250e+07 618723072
0.035 0.065 0.075 1.152240e+09 1.259927e+07 1.842364e+09 1.734395e+07 1.944398e+09 1.933319e+07 709448256
0.035 0.065 0.085 1.215427e+09 7.556235e+06 2.025873e+09 9.418046e+06 2.160508e+09 1.274243e+07 802481376
0.035 0.065 0.095 1.353685e+09 1.400194e+07 2.347266e+09 1.938641e+07 2.598876e+09 1.702091e+07 764056746
0.035 0.065 0.105 1.330091e+09 1.599881e+07 2.373304e+09 2.016040e+07 3.096060e+09 2.076739e+07 180527298
0.035 0.075 0.075 1.065990e+09 1.030984e+07 1.672953e+09 1.202196e+07 1.810556e+09 2.122180e+07 813478608
0.035 0.075 0.085 1.009647e+09 5.424518e+06 1.612531e+09 7.757686e+06 1.709531e+09 1.004667e+07 920144640
0.035 0.075 0.095 1.105146e+09 9.107684e+06 1.826596e+09 1.410185e+07 1.956860e+09 9.936217e+06 1035083064
0.035 0.075 0.105 1.203301e+09 1.043654e+07 2.080806e+09 1.250442e+07 2.323845e+09 1.560708e+07 964811838
0.035 0.075 0.115 1.191659e+09 1.636894e+07 2.089884e+09 2.737509e+07 2.793696e+09 3.782692e+07 227354090
0.035 0.085 0.085 8.647626e+08 1.020207e+07 1.356577e+09 1.594422e+07 1.442566e+09 1.913439e+07 1040808144
0.035 0.085 0.095 8.653737e+08 2.977140e+06 1.373057e+09 6.645969e+06 1.478125e+09 9.821271e+06 1170814824
0.035 0.085 0.105 9.549774e+08 8.671464e+06 1.568236e+09 1.242185e+07 1.665177e+09 1.215333e+07 1288171056
0.035 0.085 0.115 1.051157e+09 5.523731e+06 1.805311e+09 6.337912e+06 2.009602e+09 8.512621e+06 1194578502
0.035 0.085 0.125 1.017453e+09 1.832888e+07 1.763015e+09 1.840998e+07 2.463478e+09 2.025490e+07 277516158
0.035 0.095 0.095 7.520843e+08 7.142820e+06 1.173325e+09 1.083322e+07 1.236483e+09 1.420907e+07 1317073992
0.035 0.095 0.105 7.318285e+08 4.266802e+06 1.156942e+09 5.537842e+06 1.217148e+09 5.097948e+06 1449071352
0.035 0.095 0.115 7.971778e+08 3.000750e+06 1.304467e+09 4.990390e+06 1.382448e+09 2.174622e+06 1587658056
0.035 0.095 0.125 8.697215e+08 5.516273e+06 1.480677e+09 7.824659e+06 1.661473e+09 8.492575e+06 1462733814
0.035 0.095 0.135 8.439045e+08 9.634313e+06 1.468512e+09 1.351082e+07 2.080359e+09 1.593513e+07 336138350
0.035 0.105 0.105 6.401565e+08 1.179189e+07 1.002679e+09 1.442156e+07 1.062477e+09 1.236924e+07 1594343328
0.035 0.105 0.115 6.446587e+08 4.712121e+06 1.010884e+09 6.053232e+06 1.081208e+09 7.409704e+06 1746816792
0.035 0.105 0.125 7.028829e+08 3.867003e+06 1.138506e+09 6.094712e+06 1.202820e+09 5.006627e+06 1903956480
0.035 0.105 0.135 7.472062e+08 3.376333e+06 1.261539e+09 7.102533e+06 1.438107e+09 8.279861e+06 1733779986
0.035 0.105 0.145 7.316196e+08 6.517477e+06 1.264665e+09 9.569498e+06 1.889478e+09 1.955909e+07 398983278
0.035 0.115 0.115 5.824684e+08 2.911990e+06 8.905242e+08 5.024512e+06 9.536934e+08 5.103511e+06 1913862984
0.035 0.115 0.125 5.866620e+08 3.562813e+06 9.099355e+08 3.988055e+06 9.715845e+08 3.768515e+06 2086058424
0.035 0.115 0.135 6.219652e+08 2.008936e+06 9.983311e+08 3.866213e+06 1.067374e+09 4.125270e+06 2244847104
0.035 0.115 0.145 6.828304e+08 3.242976e+06 1.143890e+09 4.519873e+06 1.315594e+09 6.071542e+06 2042532426
0.035 0.125 0.125 5.579915e+08 4.761302e+06 8.496054e+08 5.227319e+06 9.010619e+08 7.173769e+06 2273684952
0.035 0.125 0.135 5.566042e+08 3.328996e+06 8.492292e+08 3.620614e+06 9.014676e+08 4.513471e+06 2446810944
0.035 0.125 0.145 5.919211e+08 3.358946e+06 9.405458e+08 4.594863e+06 1.006640e+09 4.569668e+06 2632074000
0.035 0.135 0.135 5.187416e+08 2.729745e+06 7.746230e+08 3.885461e+06 8.204172e+08 4.643718e+06 2633032320
0.035 0.135 0.145 5.184635e+08 2.269634e+06 7.817128e+08 3.023017e+06 8.364488e+08 4.087002e+06 2832454728
0.035 0.145 0.145 4.770164e+08 2.122464e+06 7.086098e+08 4.173211e+06 7.435081e+08 4.262187e+06 3046939008
0.045 0.045 0.045 1.279505e+09 6.188312e+07 2.052000e+09 8.718496e+07 2.075667e+09 7.537974e+07 371398488
0.045 0.045 0.055 1.176509e+09 2.387115e+07 1.878606e+09 3.586257e+07 2.018049e+09 3.856005e+07 454041192
0.045 0.045 0.065 1.196829e+09 2.099799e+07 1.952800e+09 2.842373e+07 2.092451e+09 2.486339e+07 540844728
0.045 0.045 0.075 1.240198e+09 1.488655e+07 2.098214e+09 2.430845e+07 2.259885e+09 1.901663e+07 620172144
0.045 0.045 0.085 1.334390e+09 1.855300e+07 2.363879e+09 2.564732e+07 2.593766e+09 2.259692e+07 595997526
0.045 0.045 0.095 1.341516e+09 2.713388e+07 2.377411e+09 5.836487e+07 2.942756e+09 7.367631e+07 143952210
0.045 0.055 0.055 1.065959e+09 2.034486e+07 1.682292e+09 2.747701e+07 1.806964e+09 2.459592e+07 555022608
0.045 0.055 0.065 9.568061e+08 1.147723e+07 1.534466e+09 1.752770e+07 1.640461e+09 1.895576e+07 661177944
0.045 0.055 0.075 1.018892e+09 1.519241e+07 1.644546e+09 1.890001e+07 1.764486e+09 1.934047e+07 758111160
0.045 0.055 0.085 1.094885e+09 8.916528e+06 1.836442e+09 1.477818e+07 1.953475e+09 8.565512e+06 857543904
0.045 0.055 0.095 1.188881e+09 8.322452e+06 2.074503e+09 1.314160e+07 2.296473e+09 7.717240e+06 816371142
0.045 0.055 0.105 1.161122e+09 1.182965e+07 2.088991e+09 2.294411e+07 2.626936e+09 2.524417e+07 189672330
0.045 0.065 0.065 9.291833e+08 1.621631e+07 1.464310e+09 2.414546e+07 1.557464e+09 1.718036e+07 787602216
0.045 0.065 0.075 8.720826e+08 8.866597e+06 1.381455e+09 1.192543e+07 1.479714e+09 2.007954e+07 903098712
0.045 0.065 0.085 9.011051e+08 1.254598e+07 1.450505e+09 1.685674e+07 1.539644e+09 1.725545e+07 1021506000
0.045 0.065 0.095 9.680180e+08 7.638949e+06 1.618006e+09 1.293888e+07 1.726545e+09 1.216731e+07 1149115344
0.045 0.065 0.105 1.065393e+09 6.372525e+06 1.855424e+09 1.258092e+07 2.060376e+09 1.306273e+07 1069024398
0.045 0.065 0.115 1.055054e+09 1.550693e+07 1.862577e+09 1.973598e+07 2.442149e+09 3.812662e+07 249212922
0.045 0.075 0.075 8.088573e+08 1.535277e+07 1.264954e+09 2.113786e+07 1.366553e+09 2.305458e+07 1035516888
0.045 0.075 0.085 7.806786e+08 8.014317e+06 1.228248e+09 1.063789e+07 1.310839e+09 1.033910e+07 1171315440
0.045 0.075 0.095 8.033380e+08 5.309789e+06 1.292148e+09 8.214958e+06 1.378310e+09 1.181748e+07 1317618480
0.045 0.075 0.105 8.739968e+08 7.490240e+06 1.456862e+09 1.281081e+07 1.540558e+09 1.430680e+07 1449683520
0.045 0.075 0.115 9.496490e+08 3.984502e+06 1.636190e+09 5.427449e+06 1.831543e+09 5.119673e+06 1345044822
0.045 0.075 0.125 9.507457e+08 1.094291e+07 1.659348e+09 1.941000e+07 2.236112e+09 2.075362e+07 310922106
0.045 0.085 0.085 6.988778e+08 7.897167e+06 1.098624e+09 7.379386e+06 1.170458e+09 1.009334e+07 1324898448
0.045 0.085 0.095 6.713059e+08 4.806095e+06 1.054224e+09 6.162552e+06 1.117695e+09 8.553384e+06 1490386824
0.045 0.085 0.105 6.915512e+08 5.914433e+06 1.106105e+09 6.724228e+06 1.192652e+09 9.329935e+06 1639781784
0.045 0.085 0.115 7.665185e+08 3.261003e+06 1.265987e+09 5.386367e+06 1.342988e+09 5.679529e+06 1796606928
0.045 0.085 0.125 8.303362e+08 3.988928e+06 1.416544e+09 6.700322e+06 1.579597e+09 8.287748e+06 1654726710
0.045 0.085 0.135 8.072611e+08 8.385621e+06 1.394580e+09 1.145893e+07 1.945064e+09 1.715628e+07 374087982
0.045 0.095 0.095 5.849599e+08 5.403992e+06 9.097480e+08 9.831606e+06 9.523587e+08 5.152554e+06 1676551632
0.045 0.095 0.105 5.713768e+08 3.846921e+06 8.927462e+08 5.544677e+06 9.475028e+08 4.112147e+06 1844617008
0.045 0.095 0.115 5.970502e+08 5.163768e+06 9.460396e+08 7.105420e+06 9.989087e+08 5.522409e+06 2021032176
0.045 0.095 0.125 6.420283e+08 4.214472e+06 1.054070e+09 4.885392e+06 1.106415e+09 3.296723e+06 2202829248
0.045 0.095 0.135 6.896527e+08 4.430711e+06 1.173302e+09 6.329328e+06 1.316618e+09 6.804848e+06 2002177650
0.045 0.095 0.145 6.736743e+08 1.262805e+07 1.160275e+09 1.779060e+07 1.649088e+09 2.062270e+07 455196414
0.045 0.105 0.105 5.169635e+08 8.175240e+06 7.925390e+08 8.740326e+06 8.558667e+08 1.142251e+07 2029513320
0.045 0.105 0.115 5.017743e+08 3.034334e+06 7.780541e+08 4.612089e+06 8.264877e+08 5.176554e+06 2223607272
0.045 0.105 0.125 5.172899e+08 2.801642e+06 8.147335e+08 3.697791e+06 8.728591e+08 4.261928e+06 2423646528
0.045 0.105 0.135 5.614480e+08 3.325684e+06 9.111646e+08 5.038624e+06 9.690123e+08 6.199219e+06 2608151064
0.045 0.105 0.145 5.979870e+08 3.073467e+06 1.008326e+09 4.551492e+06 1.155074e+09 5.514670e+06 2372292978
0.045 0.115 0.115 4.634778e+08 5.311764e+06 7.071491e+08 6.269943e+06 7.570482e+08 6.166059e+06 2436277632
0.045 0.115 0.125 4.609970e+08 3.633653e+06 7.037576e+08 3.739784e+06 7.506334e+08 3.665721e+06 2655431976
0.045 0.115 0.135 4.757813e+08 3.223619e+06 7.380494e+08 4.727914e+06 7.932851e+08 5.124737e+06 2857590120
0.045 0.115 0.145 5.158670e+08 4.013240e+06 8.306349e+08 5.420724e+06 8.818476e+08 5.846969e+06 3073985784
0.045 0.125 0.125 4.335387e+08 4.817942e+06 6.538009e+08 4.266537e+06 6.998371e+08 4.658355e+06 2894360496
0.045 0.125 0.135 4.377888e+08 2.649854e+06 6.587246e+08 3.952172e+06 6.990160e+08 3.562948e+06 3114630456
0.045 0.125 0.145 4.442223e+08 2.991074e+06 6.872770e+08 4.585573e+06 7.285622e+08 3.999792e+06 3350519160
0.045 0.135 0.135 4.082412e+08 2.563758e+06 6.064174e+08 2.746133e+06 6.514959e+08 2.817160e+06 3351758880
0.045 0.135 0.145 4.027834e+08 2.472543e+06 6.008473e+08 2.264281e+06 6.398286e+08 3.278884e+06 3605583960
0.045 0.145 0.145 3.680491e+08 3.643847e+06 5.450351e+08 4.387095e+06 5.834682e+08 6.084150e+06 3878609616
0.055 0.055 0.055 8.476063e+08 3.870172e+07 1.359242e+09 4.986394e+07 1.445816e+09 4.438018e+07 678509544
0.055 0.055 0.065 8.624110e+08 1.430466e+07 1.364838e+09 1.978105e+07 1.483556e+09 2.754493e+07 808247424
0.055 0.055 0.075 8.486422e+08 1.530826e+07 1.341228e+09 2.234286e+07 1.460803e+09 1.883772e+07 926775840
0.055 0.055 0.085 8.642302e+08 1.114921e+07 1.403263e+09 1.431017e+07 1.492595e+09 2.220607e+07 1048275480
0.055 0.055 0.095 9.142414e+08 1.213921e+07 1.543790e+09 1.571432e+07 1.651143e+09 1.311886e+07 1179245136
0.055 0.055 0.105 1.015148e+09 7.127601e+06 1.760701e+09 1.196316e+07 1.978281e+09 1.144055e+07 1094310222
0.055 0.055 0.115 1.024199e+09 1.078042e+07 1.817906e+09 1.634720e+07 2.277226e+09 1.376527e+07 250802906
0.055 0.065 0.065 8.055719e+08 1.162318e+07 1.251719e+09 1.458390e+07 1.336425e+09 2.008084e+07 962803752
0.055 0.065 0.075 7.682706e+08 8.406996e+06 1.209667e+09 1.176584e+07 1.276368e+09 1.290837e+07 1103987736
0.055 0.065 0.085 7.545319e+08 4.865337e+06 1.192059e+09 6.035793e+06 1.262557e+09 9.231159e+06 1248769440
0.055 0.065 0.095 7.707027e+08 7.073925e+06 1.254758e+09 1.104784e+07 1.342872e+09 8.884227e+06 1404737832
0.055 0.065 0.105 8.415810e+08 4.783315e+06 1.407215e+09 6.824533e+06 1.497888e+09 7.259001e+06 1545540312
0.055 0.065 0.115 9.203541e+08 5.000700e+06 1.585636e+09 8.045416e+06 1.759024e+09 7.560267e+06 1427803830
0.055 0.065 0.125 9.281668e+08 9.125460e+06 1.618869e+09 1.104013e+07 2.119232e+09 1.683056e+07 326480706
0.055 0.075 0.075 7.035979e+08 1.481444e+07 1.090054e+09 1.853611e+07 1.159632e+09 2.095012e+07 1265888712
0.055 0.075 0.085 6.652343e+08 6.826539e+06 1.034722e+09 1.000348e+07 1.107452e+09 1.065814e+07 1431853080
0.055 0.075 0.095 6.602012e+08 1.040679e+07 1.037699e+09 1.550469e+07 1.118955e+09 1.211110e+07 1610723568
0.055 0.075 0.105 6.925603e+08 3.886020e+06 1.120219e+09 5.815770e+06 1.198770e+09 5.081046e+06 1772172240
0.055 0.075 0.115 7.659154e+08 4.975051e+06 1.272336e+09 6.861108e+06 1.352252e+09 6.567923e+06 1941673176
0.055 0.075 0.125 8.251471e+08 4.005478e+06 1.402495e+09 5.952925e+06 1.566913e+09 6.398804e+06 1784992782
0.055 0.075 0.135 8.233998e+08 7.678766e+06 1.415953e+09 1.108311e+07 1.897467e+09 1.711022e+07 401504402
0.055 0.085 0.085 6.030372e+08 6.529916e+06 9.286974e+08 9.000792e+06 9.873754e+08 8.363385e+06 1619629512
0.055 0.085 0.095 5.565997e+08 4.807205e+06 8.667547e+08 9.320695e+06 9.156751e+08 1.058001e+07 1821934296
0.055 0.085 0.105 5.617202e+08 1.821517e+06 8.856871e+08 3.477164e+06 9.494080e+08 4.139816e+06 2004582888
0.055 0.085 0.115 6.027610e+08 3.953580e+06 9.620633e+08 6.455520e+06 1.022689e+09 4.969523e+06 2196259728
0.055 0.085 0.125 6.580507e+08 1.956758e+06 1.083911e+09 3.309053e+06 1.151330e+09 3.607758e+06 2393853648
0.055 0.085 0.135 7.019364e+08 3.023377e+06 1.189671e+09 4.767438e+06 1.341201e+09 5.366303e+06 2169918702
0.055 0.085 0.145 6.857678e+08 7.996613e+06 1.182136e+09 1.316861e+07 1.655834e+09 1.723909e+07 485268582
0.055 0.095 0.095 4.958698e+08 5.016636e+06 7.664720e+08 8.839419e+06 8.156408e+08 6.074870e+06 2049499680
0.055 0.095 0.105 4.822296e+08 2.967815e+06 7.475835e+08 5.120316e+06 7.886604e+08 5.070173e+06 2254942776
0.055 0.095 0.115 4.894128e+08 3.575058e+06 7.654542e+08 5.055756e+06 8.111325e+08 5.084776e+06 2470626096
0.055 0.095 0.125 5.177817e+08 4.297460e+06 8.223654e+08 6.313360e+06 8.715424e+08 4.676776e+06 2692872720
0.055 0.095 0.135 5.547391e+08 2.070402e+06 9.057495e+08 2.844330e+06 9.605173e+08 4.285910e+06 2897856384
0.055 0.095 0.145 5.934919e+08 4.846086e+06 9.991767e+08 6.781227e+06 1.125089e+09 6.473048e+06 2624560434
0.055 0.105 0.105 4.319109e+08 2.969324e+06 6.670972e+08 3.311164e+06 7.123105e+08 4.601691e+06 2480981856
0.055 0.105 0.115 4.199538e+08 3.654817e+06 6.440528e+08 4.625016e+06 6.920079e+08 5.232406e+06 2718255888
0.055 0.105 0.125 4.302305e+08 2.964565e+06 6.661064e+08 4.000808e+06 7.132241e+08 4.800622e+06 2962791912
0.055 0.105 0.135 4.524200e+08 3.080466e+06 7.145842e+08 3.919104e+06 7.641909e+08 4.752184e+06 3188341920
0.055 0.105 0.145 4.871805e+08 3.022058e+06 7.920336e+08 3.628936e+06 8.410299e+08 1.918868e+06 3429788400
0.055 0.115 0.115 3.951843e+08 3.876910e+06 6.059725e+08 6.063423e+06 6.467920e+08 6.912143e+06 2978216520
0.055 0.115 0.125 3.906194e+08 2.648858e+06 5.920047e+08 3.784768e+06 6.339241e+08 3.853033e+06 3246173040
0.055 0.115 0.135 3.947444e+08 2.883562e+06 6.052254e+08 4.429032e+06 6.471881e+08 3.617009e+06 3493254360
0.055 0.115 0.145 4.131373e+08 2.863425e+06 6.445170e+08 3.158834e+06 6.937058e+08 4.014680e+06 3757773600
0.055 0.125 0.125 3.729473e+08 4.511937e+06 5.610055e+08 5.752292e+06 5.956549e+08 4.467749e+06 3538159320
0.055 0.125 0.135 3.660594e+08 2.258705e+06 5.491103e+08 3.386034e+06 5.872200e+08 3.757795e+06 3807526368
0.055 0.125 0.145 3.686527e+08 2.172849e+06 5.585349e+08 3.645972e+06 5.957072e+08 4.204873e+06 4095864744
0.055 0.135 0.135 3.530203e+08 2.931316e+06 5.216439e+08 3.579436e+06 5.607806e+08 3.109551e+06 4097387640
0.055 0.135 0.145 3.448899e+08 2.432078e+06 5.112151e+08 3.027871e+06 5.471651e+08 3.569874e+06 4407632016
0.055 0.145 0.145 3.163305e+08 2.176337e+06 4.664345e+08 3.091317e+06 4.961638e+08 2.858423e+06 4741405296
0.065 0.065 0.065 7.456526e+08 2.659384e+07 1.146355e+09 3.072093e+07 1.219143e+09 2.597346e+07 1146939312
0.065 0.065 0.075 7.055762e+08 1.164283e+07 1.085695e+09 1.437508e+07 1.151446e+09 2.037971e+07 1315103472
0.065 0.065 0.085 6.547866e+08 7.894377e+06 1.024152e+09 1.266751e+07 1.087441e+09 6.933588e+06 1487547408
0.065 0.065 0.095 6.669309e+08 1.075499e+07 1.050579e+09 1.412072e+07 1.124644e+09 1.359984e+07 1673354448
0.065 0.065 0.105 7.029352e+08 7.836890e+06 1.129905e+09 9.483061e+06 1.209620e+09 9.409533e+06 1841104296
0.065 0.065 0.115 7.718679e+08 6.164158e+06 1.281489e+09 8.932188e+06 1.356414e+09 8.923925e+06 2017182792
0.065 0.065 0.125 8.257580e+08 6.608523e+06 1.412717e+09 9.949936e+06 1.551073e+09 8.710087e+06 1851017946
0.065 0.065 0.135 8.107308e+08 1.368790e+07 1.406984e+09 1.931673e+07 1.884537e+09 2.054144e+07 418925706
0.065 0.075 0.075 6.412765e+08 8.494693e+06 9.919011e+08 1.222528e+07 1.070897e+09 1.695659e+07 1507938048
0.065 0.075 0.085 5.904156e+08 6.515175e+06 9.124441e+08 6.414013e+06 9.687398e+08 1.035605e+07 1705687128
0.065 0.075 0.095 5.803022e+08 4.666444e+06 9.009300e+08 7.697072e+06 9.649540e+08 6.417804e+06 1918737816
0.065 0.075 0.105 5.983108e+08 4.557149e+06 9.385215e+08 6.987266e+06 1.004613e+09 6.206712e+06 2111074032
0.065 0.075 0.115 6.273574e+08 2.782804e+06 1.010309e+09 4.310489e+06 1.076392e+09 4.709899e+06 2312961000
0.065 0.075 0.125 6.831467e+08 3.689693e+06 1.127726e+09 6.256428e+06 1.210192e+09 7.409844e+06 2521046808
0.065 0.075 0.135 7.430534e+08 4.002362e+06 1.254147e+09 6.187817e+06 1.402406e+09 5.709401e+06 2286717606
0.065 0.075 0.145 7.534628e+08 7.241527e+06 1.277931e+09 9.771150e+06 1.706566e+09 1.340533e+07 517557306
0.065 0.085 0.085 5.399827e+08 6.550355e+06 8.304089e+08 9.611613e+06 8.956631e+08 1.304488e+07 1929339936
0.065 0.085 0.095 4.978847e+08 3.561997e+06 7.687245e+08 4.901703e+06 8.167568e+08 4.231536e+06 2170339512
0.065 0.085 0.105 4.938321e+08 3.830875e+06 7.683050e+08 4.974021e+06 8.186191e+08 7.005310e+06 2387872176
0.065 0.085 0.115 5.148713e+08 3.422586e+06 8.095408e+08 4.781536e+06 8.688364e+08 3.862963e+06 2616272448
0.065 0.085 0.125 5.543774e+08 2.704576e+06 8.853573e+08 4.583098e+06 9.430336e+08 4.043033e+06 2851614336
0.065 0.085 0.135 5.922372e+08 3.313909e+06 9.686597e+08 4.991391e+06 1.032819e+09 5.977753e+06 3068715432
0.065 0.085 0.145 6.359346e+08 3.345735e+06 1.066701e+09 3.883393e+06 1.203512e+09 4.983812e+06 2778763254
0.065 0.095 0.095 4.450630e+08 4.961470e+06 6.833849e+08 8.205521e+06 7.226003e+08 7.508847e+06 2441440368
0.065 0.095 0.105 4.240629e+08 3.562821e+06 6.518778e+08 4.550231e+06 6.989313e+08 6.008572e+06 2686176672
0.065 0.095 0.115 4.249279e+08 2.848061e+06 6.587772e+08 3.444608e+06 6.982324e+08 5.242247e+06 2943038256
0.065 0.095 0.125 4.431346e+08 2.817483e+06 6.905700e+08 4.241675e+06 7.315940e+08 4.725027e+06 3207827088
0.065 0.095 0.135 4.667694e+08 3.058752e+06 7.384309e+08 3.635565e+06 7.851413e+08 4.536522e+06 3452008032
0.065 0.095 0.145 5.052459e+08 3.300227e+06 8.227193e+08 4.086629e+06 8.693893e+08 5.247631e+06 3713424936
0.065 0.105 0.105 3.892808e+08 5.241524e+06 5.972929e+08 7.738672e+06 6.371805e+08 7.475347e+06 2955407544
0.065 0.105 0.115 3.799633e+08 2.327061e+06 5.804641e+08 3.145230e+06 6.193203e+08 3.476727e+06 3238061136
0.065 0.105 0.125 3.812254e+08 2.636555e+06 5.845124e+08 2.693782e+06 6.192020e+08 3.785197e+06 3529373280
0.065 0.105 0.135 3.898319e+08 2.212668e+06 6.059323e+08 3.219284e+06 6.496850e+08 3.331380e+06 3798025320
0.065 0.105 0.145 4.079945e+08 1.713501e+06 6.445786e+08 2.760861e+06 6.861004e+08 3.769032e+06 4085656512
0.065 0.115 0.115 3.512530e+08 3.106849e+06 5.372243e+08 4.707331e+06 5.752883e+08 5.921668e+06 3547769208
0.065 0.115 0.125 3.462544e+08 2.000449e+06 5.253751e+08 2.840621e+06 5.603485e+08 3.271624e+06 3866903184
0.065 0.115 0.135 3.487352e+08 2.109847e+06 5.325059e+08 3.290221e+06 5.678278e+08 2.917994e+06 4161263328
0.065 0.115 0.145 3.566715e+08 1.385940e+06 5.505617e+08 1.974178e+06 5.903851e+08 2.156417e+06 4476405768
0.065 0.125 0.125 3.353221e+08 3.403281e+06 5.022303e+08 5.212590e+06 5.328973e+08 4.470187e+06 4214772792
0.065 0.125 0.135 3.245594e+08 1.615413e+06 4.855818e+08 2.665713e+06 5.181706e+08 3.019395e+06 4535649384
0.065 0.125 0.145 3.271903e+08 2.387309e+06 4.903254e+08 3.101229e+06 5.188717e+08 3.253751e+06 4879071408
0.065 0.135 0.135 3.096675e+08 2.495405e+06 4.579682e+08 2.806580e+06 4.898812e+08 2.427198e+06 4880841744
0.065 0.135 0.145 3.020786e+08 9.534413e+05 4.469863e+08 1.414217e+06 4.749417e+08 1.915454e+06 5250522552
0.065 0.145 0.145 2.848622e+08 2.051851e+06 4.189750e+08 2.465100e+06 4.461818e+08 4.129271e+06 5648126136
0.075 0.075 0.075 5.701810e+08 1.200412e+07 8.834879e+08 1.673486e+07 9.518772e+08 1.555605e+07 1729058832
0.075 0.075 0.085 5.242338e+08 5.825895e+06 8.088683e+08 7.298378e+06 8.629836e+08 9.237748e+06 1955797248
0.075 0.075 0.095 5.092921e+08 7.874029e+06 7.898754e+08 9.721493e+06 8.448849e+08 9.598439e+06 2200094976
0.075 0.075 0.105 5.062876e+08 3.560862e+06 7.844807e+08 5.864045e+06 8.386681e+08 6.968081e+06 2420627088
0.075 0.075 0.115 5.400072e+08 4.401443e+06 8.437382e+08 5.610448e+06 9.030100e+08 5.285267e+06 2652116088
0.075 0.075 0.125 5.647650e+08 5.988174e+06 9.008365e+08 8.194878e+06 9.570968e+08 7.367940e+06 2890733976
0.075 0.075 0.135 6.134002e+08 3.761734e+06 1.001946e+09 4.913423e+06 1.071121e+09 4.450666e+06 3110770008
0.075 0.075 0.145 6.577583e+08 3.963901e+06 1.100350e+09 6.197541e+06 1.219399e+09 4.641743e+06 2823891294
0.075 0.085 0.085 4.807598e+08 4.582074e+06 7.402492e+08 7.027627e+06 7.873743e+08 9.289380e+06 2212255944
0.075 0.085 0.095 4.477268e+08 5.532786e+06 6.855497e+08 7.060398e+06 7.235213e+08 8.658181e+06 2488576296
0.075 0.085 0.105 4.358142e+08 3.566620e+06 6.730677e+08 4.469134e+06 7.133733e+08 5.451644e+06 2738052288
0.075 0.085 0.115 4.478750e+08 2.516149e+06 6.931103e+08 3.533211e+06 7.327537e+08 4.952026e+06 2999904768
0.075 0.085 0.125 4.577305e+08 3.460184e+06 7.205439e+08 4.278197e+06 7.626877e+08 3.746824e+06 3269776512
0.075 0.085 0.135 4.936552e+08 2.077454e+06 7.853283e+08 3.047731e+06 8.317121e+08 3.273472e+06 3518650152
0.075 0.085 0.145 5.350208e+08 2.101950e+06 8.691359e+08 2.807783e+06 9.210287e+08 4.224951e+06 3785172864
0.075 0.095 0.095 3.991776e+08 3.899651e+06 6.141264e+08 4.938790e+06 6.421338e+08 6.717087e+06 2799439776
0.075 0.095 0.105 3.773184e+08 3.188354e+06 5.751014e+08 4.646960e+06 6.102650e+08 4.135135e+06 3080040144
0.075 0.095 0.115 3.762009e+08 2.049178e+06 5.757678e+08 2.834227e+06 6.070730e+08 2.536238e+06 3374627256
0.075 0.095 0.125 3.827642e+08 1.502851e+06 5.893756e+08 2.485548e+06 6.246463e+08 2.179609e+06 3678184416
0.075 0.095 0.135 4.001148e+08 2.672867e+06 6.210645e+08 2.457919e+06 6.528249e+08 3.593095e+06 3958222896
0.075 0.095 0.145 4.179580e+08 2.516483e+06 6.625767e+08 3.898349e+06 6.965917e+08 3.538281e+06 4257919896
0.075 0.105 0.105 3.416596e+08 4.279696e+06 5.215240e+08 4.035021e+06 5.568996e+08 4.901442e+06 3388772016
0.075 0.105 0.115 3.307090e+08 2.384493e+06 5.038286e+08 3.343472e+06 5.352294e+08 4.697995e+06 3712889496
0.075 0.105 0.125 3.355787e+08 1.548121e+06 5.078460e+08 2.562380e+06 5.441104e+08 2.474588e+06 4046899464
0.075 0.105 0.135 3.352462e+08 2.187140e+06 5.152756e+08 4.015627e+06 5.458291e+08 3.336858e+06 4354948488
0.075 0.105 0.145 3.447442e+08 2.765809e+06 5.357402e+08 3.487183e+06 5.697634e+08 2.870272e+06 4684751544
0.075 0.115 0.115 3.092148e+08 2.627766e+06 4.690070e+08 3.127614e+06 5.034547e+08 3.048718e+06 4067973792
0.075 0.115 0.125 3.074103e+08 1.629643e+06 4.639282e+08 2.230143e+06 4.970055e+08 2.335022e+06 4433907360
0.075 0.115 0.135 3.053333e+08 2.066368e+06 4.614162e+08 2.504889e+06 4.872356e+08 2.851329e+06 4771479408
0.075 0.115 0.145 3.110802e+08 2.259633e+06 4.708073e+08 1.780314e+06 5.009620e+08 2.211685e+06 5132794488
0.075 0.125 0.125 2.999424e+08 2.602928e+06 4.448909e+08 3.271782e+06 4.680761e+08 2.440979e+06 4832848368
0.075 0.125 0.135 2.895839e+08 2.104660e+06 4.319820e+08 2.756421e+06 4.597888e+08 1.984092e+06 5200704072
0.075 0.125 0.145 2.869126e+08 1.044392e+06 4.275524e+08 2.042790e+06 4.499604e+08 1.995809e+06 5594544384
0.075 0.135 0.135 2.771218e+08 2.555845e+06 4.101516e+08 3.295739e+06 4.381327e+08 3.925033e+06 5596595880
0.075 0.135 0.145 2.686716e+08 1.215671e+06 3.972044e+08 1.458013e+06 4.235280e+08 1.826673e+06 6020418216
0.075 0.145 0.145 2.573732e+08 2.397251e+06 3.779789e+08 2.800251e+06 3.980481e+08 3.068372e+06 6476321952
0.085 0.085 0.085 4.363005e+08 1.233409e+07 6.663300e+08 1.680051e+07 7.006516e+08 1.325897e+07 2502292920
0.085 0.085 0.095 3.946255e+08 4.743470e+06 6.025931e+08 6.159777e+06 6.410894e+08 9.132978e+06 2814967608
0.085 0.085 0.105 3.728182e+08 2.861870e+06 5.710648e+08 4.022554e+06 6.056553e+08 4.429330e+06 3097070760
0.085 0.085 0.115 3.704405e+08 4.081628e+06 5.713765e+08 5.424572e+06 6.073857e+08 4.184551e+06 3393245352
0.085 0.085 0.125 3.869376e+08 5.032315e+06 5.967646e+08 8.215682e+06 6.298628e+08 6.393827e+06 3698563272
0.085 0.085 0.135 4.085007e+08 3.015637e+06 6.375345e+08 3.892288e+06 6.732042e+08 4.677641e+06 3980076360
0.085 0.085 0.145 4.308797e+08 2.429721e+06 6.821983e+08 3.365196e+06 7.191449e+08 5.577094e+06 4281463992
0.085 0.095 0.095 3.466429e+08 2.549368e+06 5.318786e+08 3.545865e+06 5.557089e+08 3.893897e+06 3166473312
0.085 0.095 0.105 3.280517e+08 2.917278e+06 5.000842e+08 3.972886e+06 5.250833e+08 3.824234e+06 3483930384
0.085 0.095 0.115 3.192244e+08 2.389769e+06 4.897920e+08 2.810560e+06 5.144066e+08 1.721772e+06 3817138080
0.085 0.095 0.125 3.207780e+08 2.036762e+06 4.925931e+08 3.030852e+06 5.196675e+08 1.677715e+06 4160484600
0.085 0.095 0.135 3.309257e+08 1.488975e+06 5.101102e+08 2.138236e+06 5.371296e+08 1.477199e+06 4477256760
0.085 0.095 0.145 3.463776e+08 1.927933e+06 5.377205e+08 2.664843e+06 5.615285e+08 2.163596e+06 4816288488
0.085 0.105 0.105 3.009625e+08 2.071048e+06 4.552441e+08 3.720496e+06 4.866466e+08 2.101016e+06 3833128368
0.085 0.105 0.115 2.907897e+08 2.221644e+06 4.414616e+08 2.572017e+06 4.672755e+08 3.288115e+06 4199761320
0.085 0.105 0.125 2.871552e+08 1.651154e+06 4.362079e+08 2.650730e+06 4.641316e+08 1.939827e+06 4577561832
0.085 0.105 0.135 2.880315e+08 1.473030e+06 4.377009e+08 1.481399e+06 4.621609e+08 1.467081e+06 4926036456
0.085 0.105 0.145 2.910311e+08 1.929975e+06 4.450598e+08 2.953473e+06 4.725535e+08 2.426285e+06 5299036944
0.085 0.115 0.115 2.749397e+08 2.479156e+06 4.167816e+08 2.350600e+06 4.368679e+08 3.573228e+06 4601398752
0.085 0.115 0.125 2.630635e+08 1.702239e+06 3.977986e+08 2.407811e+06 4.226008e+08 3.037282e+06 5015365536
0.085 0.115 0.135 2.638944e+08 1.392209e+06 3.981857e+08 1.957921e+06 4.210117e+08 1.691788e+06 5397125376
0.085 0.115 0.145 2.647420e+08 9.524787e+05 3.986455e+08 1.513754e+06 4.207700e+08 2.591901e+06 5805821424
0.085 0.125 0.125 2.521502e+08 1.779235e+06 3.772349e+08 2.666643e+06 4.037261e+08 2.846982e+06 5466522360
0.085 0.125 0.135 2.501733e+08 1.740941e+06 3.709880e+08 2.153129e+06 3.918186e+08 2.022664e+06 5882652768
0.085 0.125 0.145 2.453732e+08 1.544169e+06 3.649120e+08 1.766205e+06 3.858274e+08 2.162254e+06 6328186056
0.085 0.135 0.135 2.394301e+08 1.645133e+06 3.540233e+08 2.416290e+06 3.777398e+08 2.846990e+06 6330480864
0.085 0.135 0.145 2.328216e+08 2.103063e+06 3.440924e+08 2.851791e+06 3.624431e+08 1.912919e+06 6809863728
0.085 0.145 0.145 2.173770e+08 1.676730e+06 3.185669e+08 1.879577e+06 3.381219e+08 2.420497e+06 7325543448
0.095 0.095 0.095 3.187387e+08 3.863134e+06 4.846231e+08 4.801259e+06 5.096557e+08 6.472130e+06 3562111416
0.095 0.095 0.105 2.827902e+08 3.001441e+06 4.348557e+08 3.698398e+06 4.643729e+08 2.702982e+06 3919085688
0.095 0.095 0.115 2.811769e+08 3.255923e+06 4.270149e+08 3.604298e+06 4.423492e+08 3.593445e+06 4293919320
0.095 0.095 0.125 2.730859e+08 2.615436e+06 4.169226e+08 2.956853e+06 4.373326e+08 3.690117e+06 4680250440
0.095 0.095 0.135 2.760933e+08 2.207143e+06 4.224588e+08 2.278743e+06 4.416393e+08 3.123060e+06 5036435088
0.095 0.095 0.145 2.800252e+08 1.878574e+06 4.299927e+08 2.218088e+06 4.544190e+08 1.841784e+06 5417864304
0.095 0.105 0.105 2.614690e+08 2.208974e+06 3.978925e+08 4.296277e+06 4.261227e+08 4.408328e+06 4311984288
0.095 0.105 0.115 2.500313e+08 2.020312e+06 3.794859e+08 2.650143e+06 4.050610e+08 2.984121e+06 4724297352
0.095 0.105 0.125 2.444480e+08 1.374928e+06 3.711659e+08 1.698611e+06 3.962812e+08 2.073883e+06 5149348248
0.095 0.105 0.135 2.435052e+08 1.491032e+06 3.706611e+08 2.181971e+06 3.904807e+08 2.148394e+06 5541328080
0.095 0.105 0.145 2.423636e+08 1.269439e+06 3.669245e+08 1.711393e+06 3.924009e+08 2.278322e+06 5960981616
0.095 0.115 0.115 2.333432e+08 2.083113e+06 3.552813e+08 2.686909e+06 3.789131e+08 2.344585e+06 5176176552
0.095 0.115 0.125 2.306508e+08 1.475535e+06 3.486338e+08 2.179780e+06 3.693190e+08 2.108268e+06 5641817928
0.095 0.115 0.135 2.258501e+08 1.494081e+06 3.393590e+08 1.527557e+06 3.585781e+08 1.662101e+06 6071277120
0.095 0.115 0.145 2.215279e+08 1.425602e+06 3.334259e+08 1.836573e+06 3.551418e+08 1.083008e+06 6531069624
0.095 0.125 0.125 2.202891e+08 2.345178e+06 3.290571e+08 2.727376e+06 3.509459e+08 2.352255e+06 6149355264
0.095 0.125 0.135 2.132272e+08 1.384361e+06 3.167705e+08 1.608849e+06 3.343480e+08 2.044524e+06 6617483496
0.095 0.125 0.145 2.095357e+08 1.146398e+06 3.108866e+08 1.395984e+06 3.278765e+08 1.281910e+06 7118567976
0.095 0.135 0.135 2.025349e+08 1.951375e+06 2.991962e+08 2.776504e+06 3.197727e+08 2.154147e+06 7121210808
0.095 0.135 0.145 1.992521e+08 9.901636e+05 2.935840e+08 8.775331e+05 3.099294e+08 1.245748e+06 7660483968
0.095 0.145 0.145 1.886787e+08 1.713034e+06 2.783739e+08 1.793551e+06 2.936753e+08 1.683132e+06 8240624208
0.105 0.105 0.105 2.305420e+08 4.749672e+06 3.501699e+08 6.353121e+06 3.745875e+08 8.487205e+06 4744155312
0.105 0.105 0.115 2.266223e+08 2.703536e+06 3.442444e+08 3.102761e+06 3.649657e+08 3.531634e+06 5197929048
0.105 0.105 0.125 2.195981e+08 1.701697e+06 3.333136e+08 1.867605e+06 3.593320e+08 2.483443e+06 5665496232
0.105 0.105 0.135 2.161721e+08 1.956962e+06 3.245654e+08 2.471404e+06 3.450745e+08 3.012502e+06 6096746760
0.105 0.105 0.145 2.155031e+08 1.592603e+06 3.250689e+08 2.618779e+06 3.415001e+08 3.018625e+06 6558480504
0.105 0.115 0.115 2.145870e+08 2.533235e+06 3.251556e+08 3.450628e+06 3.481953e+08 4.231279e+06 5694980568
0.105 0.115 0.125 2.057543e+08 1.721125e+06 3.121589e+08 2.140194e+06 3.271323e+08 2.376692e+06 6207360720
0.105 0.115 0.135 1.974633e+08 8.085579e+05 2.961216e+08 1.014940e+06 3.142335e+08 8.409470e+05 6679883736
0.105 0.115 0.145 1.951381e+08 1.690774e+06 2.910036e+08 1.981253e+06 3.121564e+08 1.923014e+06 7185699672
0.105 0.125 0.125 1.945082e+08 1.471565e+06 2.920521e+08 1.762528e+06 3.105496e+08 2.508060e+06 6765753768
0.105 0.125 0.135 1.904961e+08 1.596411e+06 2.841741e+08 1.907814e+06 3.027384e+08 2.099043e+06 7280785752
0.105 0.125 0.145 1.846656e+08 1.449155e+06 2.735988e+08 1.720619e+06 2.909775e+08 1.968805e+06 7832154720
0.105 0.135 0.135 1.794528e+08 1.176646e+06 2.666987e+08 1.794485e+06 2.865511e+08 1.387582e+06 7835065896
0.105 0.135 0.145 1.753411e+08 1.281888e+06 2.590452e+08 1.323229e+06 2.739790e+08 1.222689e+06 8428339152
0.105 0.145 0.145 1.640430e+08 1.115088e+06 2.426429e+08 1.468587e+06 2.587072e+08 1.408194e+06 9066627144
0.115 0.115 0.115 2.003361e+08 1.983422e+06 3.029745e+08 4.123414e+06 3.226970e+08 3.145393e+06 6239693328
0.115 0.115 0.125 1.902484e+08 2.199767e+06 2.855106e+08 2.589957e+06 3.079464e+08 2.964906e+06 6800974272
0.115 0.115 0.135 1.855446e+08 1.840132e+06 2.778456e+08 2.167689e+06 2.963025e+08 2.175195e+06 7318717464
0.115 0.115 0.145 1.786794e+08 1.964671e+06 2.683886e+08 2.680495e+06 2.853295e+08 2.291729e+06 7872941712
0.115 0.125 0.125 1.859363e+08 2.055262e+06 2.780558e+08 2.284717e+06 2.912322e+08 2.110232e+06 7412859672
0.115 0.125 0.135 1.754201e+08 5.718364e+05 2.615759e+08 1.090678e+06 2.757987e+08 1.007899e+06 7977094200
0.115 0.125 0.145 1.691171e+08 1.096503e+06 2.506088e+08 9.438818e+05 2.676719e+08 1.592235e+06 8581219008
0.115 0.135 0.135 1.679859e+08 1.095226e+06 2.483469e+08 1.302007e+06 2.625545e+08 1.615148e+06 8584315128
0.115 0.135 0.145 1.603920e+08 1.166205e+06 2.370015e+08 1.556222e+06 2.524476e+08 1.355077e+06 9234461976
0.115 0.145 0.145 1.539438e+08 8.726408e+05 2.261027e+08 1.500158e+06 2.381360e+08 1.852054e+06 9933707880
0.125 0.125 0.125 1.785496e+08 3.957831e+06 2.641590e+08 4.298809e+06 2.824666e+08 2.987698e+06 8079672384
0.125 0.125 0.135 1.668001e+08 1.412517e+06 2.469153e+08 1.504579e+06 2.651979e+08 1.235536e+06 8694768936
0.125 0.125 0.145 1.619476e+08 1.412975e+06 2.374842e+08 2.000077e+06 2.526206e+08 2.097542e+06 9353146776
0.125 0.135 0.135 1.595575e+08 1.553554e+06 2.367141e+08 2.068681e+06 2.495531e+08 2.008686e+06 9356637096
0.125 0.135 0.145 1.527474e+08 6.573636e+05 2.238354e+08 6.357975e+05 2.374082e+08 8.404020e+05 10065201264
0.125 0.145 0.145 1.438599e+08 1.021015e+06 2.108329e+08 1.015592e+06 2.233506e+08 2.292054e+06 10827324744
0.135 0.135 0.135 1.547757e+08 2.223275e+06 2.246473e+08 2.379823e+06 2.391304e+08 2.004920e+06 10068896880
0.135 0.135 0.145 1.459694e+08 1.225763e+06 2.118434e+08 1.466808e+06 2.258560e+08 1.734979e+06 10831307376
0.135 0.145 0.145 1.378046e+08 9.615663e+05 1.998434e+08 1.930463e+06 2.126133e+08 1.527361e+06 11651634144
0.145 0.145 0.145 1.300740e+08 1.375157e+06 1.886283e+08 1.834528e+06 1.971619e+08 2.073563e+06 12533962944
